22.53403692010281
29.029013718812575
24.788651147122483
27.763412975023606
29.470268283578026
25.57790826526093
25.884530705245698
33.16757005455209
22.563342240129558
27.591891984619725
30.297515725515655
36.79767752375549
18.04908978669489
18.04908978669489
23.32892064131074
24.203417442581326
21.380173539491512
15.841005167338153
25.9102001785144
20.50226914295747
28.390973148676608
27.09964543401104
18.54099051013943
29.81984427294608
22.69235983041874
22.5675442337179
23.07557995286272
29.66903989655905
16.946875209666793
26.043339470702517
33.61459528020428
19.961139370765544
27.49559114067736
29.957160575186915
28.78192633516219
17.877410992873184
25.943570140898508
21.782645206106917
28.216073644863812
27.73799438318454
29.717068472358257
14.279968298239941
35.52638866397549
28.855924864462466
23.442189000243705
27.637175983381056
32.58384508428462
27.4741584250256
17.09990577708718
24.033503428285098
31.75665067499913
24.89034679974816
26.112519647058935
17.623996133929314
22.872615679447428
29.878240061948418
23.169896335053476
13.08758905467721
25.0745380392322
37.099182545780764
20.852005735447324
30.192368977179605
24.55235466322338
27.532322965472215
27.666281710566885
38.605140550042414
18.648168838015067
23.175933716230293
29.313257155319707
14.721152271993356
25.771623592913944
36.46561156306402
38.23403585269439
30.482838782072985
30.42566592884955
35.522418511229034
21.749450346985803
30.94277971759534
43.5694656713059
29.434073415845045
17.04407809445033
31.290490584626333
30.14812789527707
33.26364501133612
33.203074661809204
20.371907917426576
25.719715539086906
32.306856940638504
40.95658366059206
24.73497223196514
15.518861053014097
25.730520987409342
26.194103204888826
36.33315592877216
24.234418458492588
24.18415290686171
30.98839295800976
35.15219804041233
25.078824154839687
25.918753196338752
