418.5184668129277;
423.2058594682494;
454.47461465710285;
373.4868094004221;
267.9279686834702;
379.85646345836494;
309.8291257144085;
386.07401707619283;
395.6965152645746;
475.0637501232702;
390.4820175109937;
414.6466429790544;
429.1431358728612;
464.4662850545624;
341.8808837422773;
414.88398600949836;
417.10836918333234;
365.4973683890323;
381.4994456289048;
414.5405673546877;
391.2150480085304;
370.75844529022856;
386.01662881270636;
456.3455187493862;
354.4218281574715;
376.17253936895463;
397.77192190598566;
453.4037602539861;
375.8776705726823;
450.12178219792236;
417.94516871938913;
459.6691288774357;
377.60674809105444;
425.6116451404607;
452.4297553910317;
376.6702577660981;
392.1942751524052;
435.47273430525706;
390.75574048116164;
386.2975444382905;
389.79692615865247;
461.1853769886866;
355.5133302059339;
423.5354847694409;
405.4239699690056;
468.99329037927305;
335.0873005056585;
362.7830879509688;
391.4644374816105;
354.6388576886068;
369.4205284308864;
410.8784149186249;
421.703311970035;
208.50325238147025;
380.80641666371343;
436.297866554904;
474.0469304111;
384.58839878373806;
401.70725286487027;
455.5114488800973;
344.051918877308;
392.878994405761;
348.4825763087115;
255.02083889090977;
336.1532919997369;
397.17598937683124;
406.1498234519622;
332.8555247060485;
341.5108808625371;
427.08691905795354;
444.03658166669106;
440.89057826929456;
415.2310040802279;
464.12921527587946;
368.9425830153614;
422.28951410436275;
354.78101922618976;
296.50562615343847;
426.80795727802615;
460.72086690129163;
386.2605522964534;
408.8774997900391;
423.1251701827621;
382.7590252991481;
361.4013412289894;
400.68347796763055;
406.88240586619463;
348.0860521312293;
423.27411008922536;
456.01129770756665;
443.7436368061892;
213.77650525460967;
390.6928185844647;
350.46948665005357;
430.6107942342742;
344.2014402052225;
235.88670643409796;
415.92121808268075;
364.26937287261535;
384.5088999071313;
