527,4847045670529;
537,113527549464;
548,4374460815715;
502,654621982885;
544,0641271670464;
496,671681814654;
466,73079167178525;
494,7129423937028;
510,06870622874817;
567,7271684105182;
509,8558107415288;
512,3944186202418;
522,361065422259;
548,414185963167;
453,2285555959608;
518,4511033983146;
523,9406792484767;
481,1827300106031;
485,48860914167665;
522,8982145625417;
503,1198644034183;
486,19812576930406;
496,0797163561864;
548,3382931847844;
485,3108720428408;
488,84609367614;
493,54532547181;
548,2769942055395;
501,19568419593446;
548,3935027761025;
532,6801499288988;
560,9303089449909;
492,4689435753207;
531,5792452496024;
555,2755353507227;
492,11717315113276;
510,0467592601397;
545,2664198070954;
506,7655246075517;
503,0813942175348;
506,60293932828546;
556,0971148811391;
480,06720693667813;
526,6342445631011;
519,4325188056029;
558,6916157312851;
468,2698760598006;
507,14929630761816;
499,9131571472947;
474,88120084964515;
475,8851313478075;
525,0408701245942;
529,0885767728852;
481,47493216241367;
503,0551245341222;
538,7600699565409;
567,3072032263168;
509,23531912257357;
510,32591938943983;
547,2076841646116;
476,0720554989955;
497,4385339616537;
468,2668240190583;
545,6369999024753;
471,8949051906177;
504,250143755053;
509,5614881290692;
456,34293987352595;
473,2541341352409;
531,7306376088843;
547,4705892297322;
544,3017428627344;
534,3706904912278;
558,4354770626148;
480,1168227862403;
532,6173301734822;
468,9020435293601;
485,5375972440217;
532,0874888243428;
554,0132555184773;
510,7283395232797;
526,1961143956651;
529,3142332862353;
509,73448106995477;
475,73309601147474;
520,1234139044439;
521,585994796356;
484,2722585599155;
523,4858314851032;
554,2964713500643;
554,3859782431837;
475,71453779773174;
508,7065605289039;
488,884556646932;
550,3041740914526;
468,7812692042443;
508,576975710238;
515,1603108596964;
486,34381838665445;
488,8208531308236;
