497,76530753125746;
500,17930771240225;
481,5056767758004;
545,3720061633258;
535,289815957605;
534,8756780836054;
497,1141047114918;
536,5138892006624;
560,0167562135848;
539,0339975926925;
529,1951287834269;
488,45843683108546;
524,4060979892269;
524,0756617393454;
497,2874604033641;
462,0813962069978;
530,6088167390341;
537,0737005076884;
529,5907119150411;
498,27712562519713;
518,7648777014066;
528,953744718549;
508,9451505634238;
547,54819414644;
498,85077200890515;
539,8351185946876;
498,97932756140887;
551,8729845122961;
518,1285641142298;
533,4287884431876;
540,1102610494943;
531,9204796661434;
522,3836480725754;
530,4777774245156;
550,8289391602999;
518,5383781988006;
509,6946798851024;
507,0136643135048;
565,1327314292968;
527,7528342527964;
541,1717332106505;
511,8513050618788;
551,3692445512769;
561,86245766828;
561,7867470943576;
511,22569390953447;
521,5617885074854;
535,1165209532618;
536,0331291373693;
490,36067713125897;
513,0009534171195;
541,748847584153;
545,3395972851768;
486,7154873278123;
533,0480160114731;
539,5751984161303;
537,7205852931314;
491,31401070321186;
540,756343037544;
539,8329581285819;
545,9515584460565;
509,11087199668674;
508,7310347749852;
516,7827185212632;
574,4920045190147;
508,5651987557468;
506,1211328536228;
568,0451718931432;
544,0853611711364;
500,1338498364066;
529,9495462547812;
507,79572546595847;
560,315555558621;
517,9185559886231;
514,1234796668933;
540,000291726253;
545,623000737862;
515,47196364099;
468,9056909905608;
523,2729776104474;
541,6413589738256;
559,5341437043722;
498,7624655352847;
532,7730047498109;
526,5683321493048;
521,4704193790756;
506,26826515062555;
522,710439593061;
546,1438504026721;
522,864454638024;
525,4010326054539;
496,46363812459384;
523,8660698516404;
521,4398671598431;
506,1672938277468;
515,3263538599749;
535,6792335638727;
528,7640104343878;
496,0152092698651;
521,3330745193492;
