319,8643245328328;
257,4057366174168;
353,88028413500365;
171,59600514412614;
333,898290505688;
404,70818383283176;
373,25524114829;
187,69744799533714;
455,3569137001266;
420,90810800380336;
394,2121098699886;
280,40602193133645;
332,9006001668072;
395,88366205694365;
378,79594722573233;
329,56719332384864;
221,17659756801413;
427,8716324876805;
401,67142020394135;
379,8888036579822;
195,66598624632388;
404,38040563500726;
345,23242290676217;
436,29499481559424;
205,7364066412681;
238,09686771912789;
372,64361361741203;
445,068075458139;
397,39272831024937;
418,6077423653908;
432,9189985669293;
354,29865251038996;
409,8424421323507;
406,56555286266257;
428,7923166943324;
395,7615538208645;
389,8141777670244;
295,0656277605135;
463,7348392452782;
400,7696306186008;
437,9034661811645;
363,4316905319447;
447,0145260242182;
455,60519707396656;
454,14984201089624;
386,39295106829104;
390,94213859119327;
412,9580218209785;
437,2737288970675;
332,0130195163558;
396,3762837933473;
421,2837786158814;
447,1596421411507;
362,3230599691715;
435,3373054283229;
420,00960627976747;
424,15180807358865;
367,8858843841283;
219,84632183645294;
426,9032900451316;
435,2857483603059;
377,6007374261285;
257,557762597128;
386,36048439528645;
472,2124164266893;
405,29361890262203;
322,3923803073094;
469,17988383915053;
437,4752572937407;
374,52140248492833;
403,365983413561;
393,01900668072676;
461,63396015069975;
391,9032479266982;
349,3937871411033;
423,11306868780684;
441,5253140156881;
386,1986284515781;
273,54768269145734;
238,2596591601109;
438,4399216584602;
449,0908033710407;
386,0636930997093;
221,44744494924635;
396,95717242022806;
372,4216655277364;
387,45857442423016;
239,71694565850044;
443,99345929854894;
386,3951464691809;
405,3976279689655;
278,39186004936073;
395,675806451721;
393,61310210015995;
376,77315417403474;
253,51693247664866;
422,9389187116685;
419,8674709035645;
369,3193641654982;
230,45293404639028;
